! Adapted from file: 	Sz_20um_25mm_xband.sdds

&short_range_modes
  longitudinal(1) = 	1.8925156624712856e16	4593.961401250786	1751.3807440769904	0.14241004137042712
  longitudinal(2) = 	9.464523039512218e15	2000.7127511132214	851.2132486308935	0.3935401415192732
  longitudinal(3) = 	2.1730109776279504e16	9869.894302447454	1651.5622156150484	-0.4147310605200168
  longitudinal(4) = 	3.77922400917964e15	185.89476484937174	0.08628799479445198	0.07896024399776783
  longitudinal(5) = 	3.7359833264492225e15	1281.107096102508	-104.97681582796203	1.561228184723489
z_max = 0.025
/