! Adapted from file: 	Sz_p5um_10mm_per35mm_cell.sdds

&short_range_modes
  longitudinal(1) = 	4.576146420277522e14	1556.7205261543472	177.77544798044457	0.9683312617643239
  longitudinal(2) = 	2.7495543874938166e14	194.99126253973665	-0.09212996081574965	0.36980390929166196
  longitudinal(3) = 	1.8992388355151158e15	12789.738239590508	3042.629340862206	-0.592141163836711
  longitudinal(4) = 	1.5113709668068145e15	6188.887799692992	3377.416428686036	0.20700687507223145
  longitudinal(5) = 	9.043843071160786e14	2925.8772723422285	1629.6911652264964	0.6289254646782655
z_max = 0.01
/